
start_x = 0.4930926144991908
start_y = -0.3490447692128963
start_theta = 1.516259722670571
 
goal_x = 0.4473909969205246
goal_y = 0.7664409860284774
goal_theta = 0.9744163933762835
 
obs.0.x = 0.9821861396955294
obs.0.y = 0.10345739757913763
obs.0.theta = -2.7906540051516457
 
obs.1.x = -0.39902487908187856
obs.1.y = 0.5148511923787394
obs.1.theta = -0.9056833147905439
